image: mymap.pgm
resolution: 0.200000
origin: [-48.500002, -148.900003, 0.000000]
negate: 0
occupied_thresh: 0.65
free_thresh: 0.196

