image: topright_house_0.pgm
resolution: 0.200000
origin: [-4.899988, -82.700006, 0.00000]  # 0
#origin: [-541.899988, -149.700006, 0.17453] 
negate: 0
occupied_thresh: 0.65
free_thresh: 0.196

