image: topright_house.pgm
resolution: 0.200000
origin: [-473.100000, -158.299997, 0.000000]
negate: 0
occupied_thresh: 0.65
free_thresh: 0.196

