image: topright_house_0.pgm
resolution: 0.200000
origin: [-541.899988, -149.700006, 0.000000]
negate: 0
occupied_thresh: 0.65
free_thresh: 0.196

