image: warty_experiment_test.pgm
resolution: 0.200000
origin: [-48.700002, -81.300005, 0.000000]
negate: 0
occupied_thresh: 0.65
free_thresh: 0.196

